5.15921
0.855306
1.37548
1.69596
2.02647
2.12867
2.24262
2.35451
2.37209
2.5431
2.63164
2.65707
2.87499
2.89855
2.92577
2.94585
2.97459
2.98783
3.01114
3.01383
3.21144
3.22667
3.2721
3.27212
3.29192
3.36344
3.41389
3.47629
3.51457
3.56839
3.58092
3.59097
3.59769
3.62949
3.66575
3.67473
3.70495
3.7532
3.79143
3.81481
3.8261
3.83912
3.84716
3.85948
3.88528
3.97118
4.00998
4.01155
4.02211
4.03691
4.08879
4.14911
4.15974
4.22907
4.27797
4.30246
4.31686
4.32604
4.32914
4.33435
4.39402
4.42045
4.44039
4.55115
4.5544
4.60093
4.60698
4.60913
4.63357
4.66957
4.67983
4.70043
4.73028
4.88065
4.89704
4.89915
4.91801
4.93466
4.96546
5.00746
5.04173
5.06858
5.08217
5.1106
5.12358
5.13978
5.14738
5.1604
5.16723
5.1858
5.221
5.29894
5.3009
5.30273
5.32914
5.35931
5.38391
5.41758
5.46352
5.52911
5.54256
5.54664
5.55311
5.63732
5.64222
5.65053
5.66352
5.67044
5.67403
5.67586
5.71272
5.75019
5.75266
5.75926
5.76159
5.76461
5.77471
5.78202
5.78647
5.79059
5.79471
5.80523
5.80899
5.82312
5.88376
5.90031
5.91889
5.93394
5.94452
5.9802
6.01911
6.02047
6.0218
6.02193
6.02628
6.0678
6.08971
6.09199
6.10715
6.13099
6.14142
6.14986
6.15197
6.17779
6.19949
6.29827
6.30393
6.31211
6.32235
6.33361
6.36365
6.402
6.41157
6.42227
6.42548
6.44229
6.47684
6.47933
6.49715
6.55739
6.56412
6.56713
6.59334
6.61104
6.62137
6.62216
6.62625
6.63369
6.64664
6.64921
6.68834
6.81672
6.85137
6.95228
6.95905
7.00991
7.02076
7.064
7.09457
7.27997
7.29193
7.344
7.36907
7.39525
7.5272
7.53809
7.57865
7.64755
7.72953
7.90189
7.9134
7.92284
8.13393
8.17609
8.25499
8.54836
9.83684
